NAME	= 25ODEM2transformed
DESCRIPTION	= 
UNIT	= 
DATAFILE_OFFSET	= 0
DATAFORMAT	= SHORTINT_UNSIGNED
BYTEORDER_BIG	= FALSE
POSITION_XMIN	= 356023.8237886767
POSITION_YMIN	= 7134024.6992816115
CELLCOUNT_X	= 960
CELLCOUNT_Y	= 960
CELLSIZE	= 24.9900378094
Z_FACTOR	= 1.000000
NODATA_VALUE	= 65535.000000
TOPTOBOTTOM	= FALSE
